TPQ: 96
Tracks: 1

Track 0
0	ff 03 01 00 
0	ff 58 04 04 02 24 08 
0	ff 58 04 04 02 24 08 
48	90 45 64
96	80 45 40
96	90 45 64
144	80 45 40
144	90 45 64
192	80 45 40
192	90 49 64
240	90 45 64
240	80 49 40
288	80 45 40
288	90 4a 64
336	90 45 64
336	80 4a 40
384	80 45 40
384	90 4c 64
432	90 45 64
432	80 4c 40
480	80 45 40
480	90 45 64
528	80 45 40
528	90 4c 64
576	90 45 64
576	80 4c 40
624	80 45 40
624	90 45 64
672	80 45 40
672	90 4c 64
720	90 45 64
720	80 4c 40
768	80 45 40
768	90 45 64
816	80 45 40
816	90 4c 64
864	90 45 64
864	80 4c 40
912	80 45 40
912	90 45 64
960	80 45 40
960	90 4c 64
1008	90 45 64
1008	80 4c 40
1056	80 45 40
1056	90 45 64
1104	80 45 40
1104	90 45 64
1152	80 45 40
1152	90 49 64
1200	90 45 64
1200	80 49 40
1248	80 45 40
1248	90 4a 64
1296	90 45 64
1296	80 4a 40
1344	80 45 40
1344	90 4c 64
1392	90 45 64
1392	80 4c 40
1440	80 45 40
1440	90 45 64
1488	80 45 40
1488	90 4c 64
1536	90 45 64
1536	80 4c 40
1584	80 45 40
1584	90 45 64
1632	80 45 40
1632	90 4c 64
1680	90 45 64
1680	80 4c 40
1728	80 45 40
1728	90 45 64
1776	80 45 40
1776	90 4c 64
1824	90 45 64
1824	80 4c 40
1872	80 45 40
1872	90 45 64
1920	80 45 40
1920	90 4c 64
1968	90 45 64
1968	80 4c 40
2016	80 45 40
2016	90 45 64
2064	80 45 40
2064	90 45 64
2112	80 45 40
2112	90 49 64
2160	90 45 64
2160	80 49 40
2208	80 45 40
2208	90 4a 64
2256	90 45 64
2256	80 4a 40
2304	80 45 40
2304	90 4c 64
2352	90 45 64
2352	80 4c 40
2400	80 45 40
2400	90 45 64
2448	80 45 40
2448	90 4c 64
2496	90 45 65
2496	80 4c 40
2544	80 45 40
2544	90 45 65
2592	80 45 40
2592	90 4c 65
2640	90 45 65
2640	80 4c 40
2688	80 45 40
2688	90 45 65
2736	80 45 40
2736	90 4c 63
2784	90 45 63
2784	80 4c 40
2832	80 45 40
2832	90 45 63
2880	80 45 40
2880	90 4c 63
3072	80 4c 40
3072	ff 2f 00
